TEST
x        y           Numerical Solution       Exact Solution         Difference
3.000000   1.000000   0.000000000000000  0.000000000000000  0.000000000000000 
3.000000   1.050000   0.000000000000000  0.000000000000000  0.000000000000000 
3.000000   1.100000   0.000000000000000  0.000000000000000  0.000000000000000 
3.000000   1.150000   0.000000000000000  0.000000000000000  0.000000000000000 
3.000000   1.200000   0.000000000000000  0.000000000000000  0.000000000000000 
3.000000   1.250000   0.000000000000000  0.000000000000000  0.000000000000000 
3.000000   1.300000   0.000000000000000  0.000000000000000  0.000000000000000 
3.000000   1.350000   0.000000000000000  0.000000000000000  0.000000000000000 
3.000000   1.400000   0.000000000000000  0.000000000000000  0.000000000000000 
3.000000   1.450000   0.000000000000000  0.000000000000000  0.000000000000000 
3.000000   1.500000   0.000000000000000  0.000000000000000  0.000000000000000 
3.000000   1.550000   0.000000000000000  0.000000000000000  0.000000000000000 
3.000000   1.600000   0.000000000000000  0.000000000000000  0.000000000000000 
3.000000   1.650000   0.000000000000000  0.000000000000000  0.000000000000000 
3.000000   1.700000   0.000000000000000  0.000000000000000  0.000000000000000 
3.000000   1.750000   0.000000000000000  0.000000000000000  0.000000000000000 
3.000000   1.800000   0.000000000000000  0.000000000000000  0.000000000000000 
3.000000   1.850000   0.000000000000000  0.000000000000000  0.000000000000000 
3.000000   1.900000   0.000000000000000  0.000000000000000  0.000000000000000 
3.000000   1.950000   0.000000000000000  0.000000000000000  0.000000000000000 
3.000000   2.000000   0.000000000000000  0.000000000000000  0.000000000000000 
3.050000   1.000000   0.000000000000000  0.000000000000000  0.000000000000000 
3.050000   1.050000   -0.001783584986591 0.002256250000000  0.004039834986591 
3.050000   1.100000   -0.003341373489063 0.004275000000000  0.007616373489063 
3.050000   1.150000   -0.004684766676674 0.006056250000000  0.010741016676674 
3.050000   1.200000   -0.005824571604739 0.007600000000000  0.013424571604739 
3.050000   1.250000   -0.006770729480244 0.008906250000000  0.015676979480244 
3.050000   1.300000   -0.007532072099484 0.009975000000000  0.017507072099484 
3.050000   1.350000   -0.008116111888422 0.010806250000000  0.018922361888422 
3.050000   1.400000   -0.008528869447004 0.011400000000000  0.019928869447004 
3.050000   1.450000   -0.008774739686466 0.011756250000000  0.020530989686466 
3.050000   1.500000   -0.008856397194064 0.011875000000000  0.020731397194064 
3.050000   1.550000   -0.008774739686466 0.011756250000000  0.020530989686466 
3.050000   1.600000   -0.008528869447004 0.011400000000000  0.019928869447004 
3.050000   1.650000   -0.008116111888422 0.010806250000000  0.018922361888422 
3.050000   1.700000   -0.007532072099484 0.009975000000000  0.017507072099484 
3.050000   1.750000   -0.006770729480244 0.008906250000000  0.015676979480244 
3.050000   1.800000   -0.005824571604739 0.007600000000000  0.013424571604739 
3.050000   1.850000   -0.004684766676674 0.006056250000000  0.010741016676674 
3.050000   1.900000   -0.003341373489063 0.004275000000000  0.007616373489063 
3.050000   1.950000   -0.001783584986591 0.002256250000000  0.004039834986591 
3.050000   2.000000   0.000000000000000  0.000000000000000  0.000000000000000 
3.100000   1.000000   0.000000000000000  0.000000000000000  0.000000000000000 
3.100000   1.050000   -0.003341373489063 0.004275000000000  0.007616373489063 
3.100000   1.100000   -0.006255864212592 0.008100000000000  0.014355864212592 
3.100000   1.150000   -0.008765992246061 0.011475000000000  0.020240992246061 
3.100000   1.200000   -0.010893104051632 0.014400000000000  0.025293104051632 
3.100000   1.250000   -0.012656835971465 0.016875000000000  0.029531835971465 
3.100000   1.300000   -0.014074632817259 0.018900000000000  0.032974632817259 
3.100000   1.350000   -0.015161333539284 0.020475000000000  0.035636333539284 
3.100000   1.400000   -0.015928830134934 0.021600000000000  0.037528830134934 
3.100000   1.450000   -0.016385803738220 0.022275000000000  0.038660803738220 
3.100000   1.500000   -0.016537537156437 0.022500000000000  0.039037537156437 
3.100000   1.550000   -0.016385803738220 0.022275000000000  0.038660803738220 
3.100000   1.600000   -0.015928830134934 0.021600000000000  0.037528830134934 
3.100000   1.650000   -0.015161333539284 0.020475000000000  0.035636333539284 
3.100000   1.700000   -0.014074632817259 0.018900000000000  0.032974632817259 
3.100000   1.750000   -0.012656835971465 0.016875000000000  0.029531835971465 
3.100000   1.800000   -0.010893104051632 0.014400000000000  0.025293104051632 
3.100000   1.850000   -0.008765992246061 0.011475000000000  0.020240992246061 
3.100000   1.900000   -0.006255864212592 0.008100000000000  0.014355864212592 
3.100000   1.950000   -0.003341373489063 0.004275000000000  0.007616373489063 
3.100000   2.000000   0.000000000000000  0.000000000000000  0.000000000000000 
3.150000   1.000000   0.000000000000000  0.000000000000000  0.000000000000000 
3.150000   1.050000   -0.004684766676674 0.006056250000000  0.010741016676674 
3.150000   1.100000   -0.008765992246061 0.011475000000000  0.020240992246061 
3.150000   1.150000   -0.012276758311484 0.016256250000000  0.028533008311484 
3.150000   1.200000   -0.015248422592737 0.020400000000000  0.035648422592737 
3.150000   1.250000   -0.017709830464169 0.023906250000000  0.041616080464169 
3.150000   1.300000   -0.019686608231749 0.026775000000000  0.046461608231749 
3.150000   1.350000   -0.021200553919977 0.029006250000000  0.050206803919977 
3.150000   1.400000   -0.022269136871947 0.030600000000000  0.052869136871947 
3.150000   1.450000   -0.022905109341037 0.031556250000000  0.054461359341037 
3.150000   1.500000   -0.023116231893665 0.031875000000000  0.054991231893665 
3.150000   1.550000   -0.022905109341037 0.031556250000000  0.054461359341037 
3.150000   1.600000   -0.022269136871947 0.030600000000000  0.052869136871947 
3.150000   1.650000   -0.021200553919977 0.029006250000000  0.050206803919977 
3.150000   1.700000   -0.019686608231749 0.026775000000000  0.046461608231749 
3.150000   1.750000   -0.017709830464169 0.023906250000000  0.041616080464169 
3.150000   1.800000   -0.015248422592737 0.020400000000000  0.035648422592737 
3.150000   1.850000   -0.012276758311484 0.016256250000000  0.028533008311484 
3.150000   1.900000   -0.008765992246061 0.011475000000000  0.020240992246061 
3.150000   1.950000   -0.004684766676674 0.006056250000000  0.010741016676674 
3.150000   2.000000   0.000000000000000  0.000000000000000  0.000000000000000 
3.200000   1.000000   0.000000000000000  0.000000000000000  0.000000000000000 
3.200000   1.050000   -0.005824571604739 0.007600000000000  0.013424571604739 
3.200000   1.100000   -0.010893104051632 0.014400000000000  0.025293104051632 
3.200000   1.150000   -0.015248422592737 0.020400000000000  0.035648422592737 
3.200000   1.200000   -0.018931120677216 0.025600000000000  0.044531120677216 
3.200000   1.250000   -0.021978539699143 0.030000000000000  0.051978539699143 
3.200000   1.300000   -0.024423853530802 0.033600000000000  0.058023853530802 
3.200000   1.350000   -0.026295280605861 0.036400000000000  0.062695280605861 
3.200000   1.400000   -0.027615435295220 0.038400000000000  0.066015435295220 
3.200000   1.450000   -0.028400826036389 0.039600000000000  0.068000826036389 
3.200000   1.500000   -0.028661498857733 0.040000000000000  0.068661498857733 
3.200000   1.550000   -0.028400826036389 0.039600000000000  0.068000826036389 
3.200000   1.600000   -0.027615435295220 0.038400000000000  0.066015435295220 
3.200000   1.650000   -0.026295280605861 0.036400000000000  0.062695280605861 
3.200000   1.700000   -0.024423853530802 0.033600000000000  0.058023853530802 
3.200000   1.750000   -0.021978539699143 0.030000000000000  0.051978539699143 
3.200000   1.800000   -0.018931120677216 0.025600000000000  0.044531120677216 
3.200000   1.850000   -0.015248422592737 0.020400000000000  0.035648422592737 
3.200000   1.900000   -0.010893104051632 0.014400000000000  0.025293104051632 
3.200000   1.950000   -0.005824571604739 0.007600000000000  0.013424571604739 
3.200000   2.000000   0.000000000000000  0.000000000000000  0.000000000000000 
3.250000   1.000000   0.000000000000000  0.000000000000000  0.000000000000000 
3.250000   1.050000   -0.006770729480244 0.008906250000000  0.015676979480244 
3.250000   1.100000   -0.012656835971465 0.016875000000000  0.029531835971465 
3.250000   1.150000   -0.017709830464169 0.023906250000000  0.041616080464169 
3.250000   1.200000   -0.021978539699143 0.030000000000000  0.051978539699143 
3.250000   1.250000   -0.025507878467022 0.035156250000000  0.060664128467022 
3.250000   1.300000   -0.028337749170409 0.039375000000000  0.067712749170409 
3.250000   1.350000   -0.030502093238313 0.042656250000000  0.073158343238313 
3.250000   1.400000   -0.032028111951613 0.045000000000000  0.077028111951613 
3.250000   1.450000   -0.032935661675345 0.046406250000000  0.079341911675345 
3.250000   1.500000   -0.033236826276866 0.046875000000000  0.080111826276866 
3.250000   1.550000   -0.032935661675345 0.046406250000000  0.079341911675345 
3.250000   1.600000   -0.032028111951613 0.045000000000000  0.077028111951613 
3.250000   1.650000   -0.030502093238313 0.042656250000000  0.073158343238313 
3.250000   1.700000   -0.028337749170409 0.039375000000000  0.067712749170409 
3.250000   1.750000   -0.025507878467022 0.035156250000000  0.060664128467022 
3.250000   1.800000   -0.021978539699143 0.030000000000000  0.051978539699143 
3.250000   1.850000   -0.017709830464169 0.023906250000000  0.041616080464169 
3.250000   1.900000   -0.012656835971465 0.016875000000000  0.029531835971465 
3.250000   1.950000   -0.006770729480244 0.008906250000000  0.015676979480244 
3.250000   2.000000   0.000000000000000  0.000000000000000  0.000000000000000 
3.300000   1.000000   0.000000000000000  0.000000000000000  0.000000000000000 
3.300000   1.050000   -0.007532072099484 0.009975000000000  0.017507072099484 
3.300000   1.100000   -0.014074632817259 0.018900000000000  0.032974632817259 
3.300000   1.150000   -0.019686608231749 0.026775000000000  0.046461608231749 
3.300000   1.200000   -0.024423853530802 0.033600000000000  0.058023853530802 
3.300000   1.250000   -0.028337749170409 0.039375000000000  0.067712749170409 
3.300000   1.300000   -0.031473941234868 0.044100000000000  0.075573941234868 
3.300000   1.350000   -0.033871257281333 0.047775000000000  0.081646257281333 
3.300000   1.400000   -0.035560813875016 0.050400000000000  0.085960813875016 
3.300000   1.450000   -0.036565326022605 0.051975000000000  0.088540326022605 
3.300000   1.500000   -0.036898616696763 0.052500000000000  0.089398616696763 
3.300000   1.550000   -0.036565326022605 0.051975000000000  0.088540326022605 
3.300000   1.600000   -0.035560813875016 0.050400000000000  0.085960813875016 
3.300000   1.650000   -0.033871257281333 0.047775000000000  0.081646257281333 
3.300000   1.700000   -0.031473941234868 0.044100000000000  0.075573941234868 
3.300000   1.750000   -0.028337749170409 0.039375000000000  0.067712749170409 
3.300000   1.800000   -0.024423853530802 0.033600000000000  0.058023853530802 
3.300000   1.850000   -0.019686608231749 0.026775000000000  0.046461608231749 
3.300000   1.900000   -0.014074632817259 0.018900000000000  0.032974632817259 
3.300000   1.950000   -0.007532072099484 0.009975000000000  0.017507072099484 
3.300000   2.000000   0.000000000000000  0.000000000000000  0.000000000000000 
3.350000   1.000000   0.000000000000000  0.000000000000000  0.000000000000000 
3.350000   1.050000   -0.008116111888422 0.010806250000000  0.018922361888422 
3.350000   1.100000   -0.015161333539284 0.020475000000000  0.035636333539284 
3.350000   1.150000   -0.021200553919977 0.029006250000000  0.050206803919977 
3.350000   1.200000   -0.026295280605861 0.036400000000000  0.062695280605861 
3.350000   1.250000   -0.030502093238313 0.042656250000000  0.073158343238313 
3.350000   1.300000   -0.033871257281333 0.047775000000000  0.081646257281333 
3.350000   1.350000   -0.036445529094465 0.051756250000000  0.088201779094465 
3.350000   1.400000   -0.038259174388582 0.054600000000000  0.092859174388582 
3.350000   1.450000   -0.039337206416559 0.056306250000000  0.095643456416559 
3.350000   1.500000   -0.039694847331620 0.056875000000000  0.096569847331620 
3.350000   1.550000   -0.039337206416559 0.056306250000000  0.095643456416559 
3.350000   1.600000   -0.038259174388582 0.054600000000000  0.092859174388582 
3.350000   1.650000   -0.036445529094465 0.051756250000000  0.088201779094465 
3.350000   1.700000   -0.033871257281333 0.047775000000000  0.081646257281333 
3.350000   1.750000   -0.030502093238313 0.042656250000000  0.073158343238313 
3.350000   1.800000   -0.026295280605861 0.036400000000000  0.062695280605861 
3.350000   1.850000   -0.021200553919977 0.029006250000000  0.050206803919977 
3.350000   1.900000   -0.015161333539284 0.020475000000000  0.035636333539284 
3.350000   1.950000   -0.008116111888422 0.010806250000000  0.018922361888422 
3.350000   2.000000   0.000000000000000  0.000000000000000  0.000000000000000 
3.400000   1.000000   0.000000000000000  0.000000000000000  0.000000000000000 
3.400000   1.050000   -0.008528869447004 0.011400000000000  0.019928869447004 
3.400000   1.100000   -0.015928830134934 0.021600000000000  0.037528830134934 
3.400000   1.150000   -0.022269136871947 0.030600000000000  0.052869136871947 
3.400000   1.200000   -0.027615435295220 0.038400000000000  0.066015435295220 
3.400000   1.250000   -0.032028111951613 0.045000000000000  0.077028111951613 
3.400000   1.300000   -0.035560813875016 0.050400000000000  0.085960813875016 
3.400000   1.350000   -0.038259174388582 0.054600000000000  0.092859174388582 
3.400000   1.400000   -0.040159764225011 0.057600000000000  0.097759764225011 
3.400000   1.450000   -0.041289279906164 0.059400000000000  0.100689279906164 
3.400000   1.500000   -0.041663967317415 0.060000000000000  0.101663967317415 
3.400000   1.550000   -0.041289279906164 0.059400000000000  0.100689279906164 
3.400000   1.600000   -0.040159764225011 0.057600000000000  0.097759764225011 
3.400000   1.650000   -0.038259174388582 0.054600000000000  0.092859174388582 
3.400000   1.700000   -0.035560813875016 0.050400000000000  0.085960813875016 
3.400000   1.750000   -0.032028111951613 0.045000000000000  0.077028111951613 
3.400000   1.800000   -0.027615435295220 0.038400000000000  0.066015435295220 
3.400000   1.850000   -0.022269136871947 0.030600000000000  0.052869136871947 
3.400000   1.900000   -0.015928830134934 0.021600000000000  0.037528830134934 
3.400000   1.950000   -0.008528869447004 0.011400000000000  0.019928869447004 
3.400000   2.000000   0.000000000000000  0.000000000000000  0.000000000000000 
3.450000   1.000000   0.000000000000000  0.000000000000000  0.000000000000000 
3.450000   1.050000   -0.008774739686466 0.011756250000000  0.020530989686466 
3.450000   1.100000   -0.016385803738220 0.022275000000000  0.038660803738220 
3.450000   1.150000   -0.022905109341037 0.031556250000000  0.054461359341037 
3.450000   1.200000   -0.028400826036389 0.039600000000000  0.068000826036389 
3.450000   1.250000   -0.032935661675345 0.046406250000000  0.079341911675345 
3.450000   1.300000   -0.036565326022605 0.051975000000000  0.088540326022605 
3.450000   1.350000   -0.039337206416559 0.056306250000000  0.095643456416559 
3.450000   1.400000   -0.041289279906164 0.059400000000000  0.100689279906164 
3.450000   1.450000   -0.042449268944892 0.061256250000000  0.103705518944892 
3.450000   1.500000   -0.042834044399760 0.061875000000000  0.104709044399760 
3.450000   1.550000   -0.042449268944892 0.061256250000000  0.103705518944892 
3.450000   1.600000   -0.041289279906164 0.059400000000000  0.100689279906164 
3.450000   1.650000   -0.039337206416559 0.056306250000000  0.095643456416559 
3.450000   1.700000   -0.036565326022605 0.051975000000000  0.088540326022605 
3.450000   1.750000   -0.032935661675345 0.046406250000000  0.079341911675345 
3.450000   1.800000   -0.028400826036389 0.039600000000000  0.068000826036389 
3.450000   1.850000   -0.022905109341037 0.031556250000000  0.054461359341037 
3.450000   1.900000   -0.016385803738220 0.022275000000000  0.038660803738220 
3.450000   1.950000   -0.008774739686466 0.011756250000000  0.020530989686466 
3.450000   2.000000   0.000000000000000  0.000000000000000  0.000000000000000 
3.500000   1.000000   0.000000000000000  0.000000000000000  0.000000000000000 
3.500000   1.050000   -0.008856397194064 0.011875000000000  0.020731397194064 
3.500000   1.100000   -0.016537537156437 0.022500000000000  0.039037537156437 
3.500000   1.150000   -0.023116231893665 0.031875000000000  0.054991231893665 
3.500000   1.200000   -0.028661498857733 0.040000000000000  0.068661498857733 
3.500000   1.250000   -0.033236826276866 0.046875000000000  0.080111826276866 
3.500000   1.300000   -0.036898616696763 0.052500000000000  0.089398616696763 
3.500000   1.350000   -0.039694847331620 0.056875000000000  0.096569847331620 
3.500000   1.400000   -0.041663967317415 0.060000000000000  0.101663967317415 
3.500000   1.450000   -0.042834044399760 0.061875000000000  0.104709044399760 
3.500000   1.500000   -0.043222158909534 0.062500000000000  0.105722158909534 
3.500000   1.550000   -0.042834044399760 0.061875000000000  0.104709044399760 
3.500000   1.600000   -0.041663967317415 0.060000000000000  0.101663967317415 
3.500000   1.650000   -0.039694847331620 0.056875000000000  0.096569847331620 
3.500000   1.700000   -0.036898616696763 0.052500000000000  0.089398616696763 
3.500000   1.750000   -0.033236826276866 0.046875000000000  0.080111826276866 
3.500000   1.800000   -0.028661498857733 0.040000000000000  0.068661498857733 
3.500000   1.850000   -0.023116231893665 0.031875000000000  0.054991231893665 
3.500000   1.900000   -0.016537537156437 0.022500000000000  0.039037537156437 
3.500000   1.950000   -0.008856397194064 0.011875000000000  0.020731397194064 
3.500000   2.000000   0.000000000000000  0.000000000000000  0.000000000000000 
3.550000   1.000000   0.000000000000000  0.000000000000000  0.000000000000000 
3.550000   1.050000   -0.008774739686466 0.011756250000000  0.020530989686466 
3.550000   1.100000   -0.016385803738220 0.022275000000000  0.038660803738220 
3.550000   1.150000   -0.022905109341037 0.031556250000000  0.054461359341037 
3.550000   1.200000   -0.028400826036389 0.039600000000000  0.068000826036389 
3.550000   1.250000   -0.032935661675345 0.046406250000000  0.079341911675345 
3.550000   1.300000   -0.036565326022605 0.051975000000000  0.088540326022605 
3.550000   1.350000   -0.039337206416559 0.056306250000000  0.095643456416559 
3.550000   1.400000   -0.041289279906164 0.059400000000000  0.100689279906164 
3.550000   1.450000   -0.042449268944892 0.061256250000000  0.103705518944892 
3.550000   1.500000   -0.042834044399760 0.061875000000000  0.104709044399760 
3.550000   1.550000   -0.042449268944892 0.061256250000000  0.103705518944892 
3.550000   1.600000   -0.041289279906164 0.059400000000000  0.100689279906164 
3.550000   1.650000   -0.039337206416559 0.056306250000000  0.095643456416559 
3.550000   1.700000   -0.036565326022605 0.051975000000000  0.088540326022605 
3.550000   1.750000   -0.032935661675345 0.046406250000000  0.079341911675345 
3.550000   1.800000   -0.028400826036389 0.039600000000000  0.068000826036389 
3.550000   1.850000   -0.022905109341037 0.031556250000000  0.054461359341037 
3.550000   1.900000   -0.016385803738220 0.022275000000000  0.038660803738220 
3.550000   1.950000   -0.008774739686466 0.011756250000000  0.020530989686466 
3.550000   2.000000   0.000000000000000  0.000000000000000  0.000000000000000 
3.600000   1.000000   0.000000000000000  0.000000000000000  0.000000000000000 
3.600000   1.050000   -0.008528869447004 0.011400000000000  0.019928869447004 
3.600000   1.100000   -0.015928830134934 0.021600000000000  0.037528830134934 
3.600000   1.150000   -0.022269136871947 0.030600000000000  0.052869136871947 
3.600000   1.200000   -0.027615435295220 0.038400000000000  0.066015435295220 
3.600000   1.250000   -0.032028111951613 0.045000000000000  0.077028111951613 
3.600000   1.300000   -0.035560813875016 0.050400000000000  0.085960813875016 
3.600000   1.350000   -0.038259174388582 0.054600000000000  0.092859174388582 
3.600000   1.400000   -0.040159764225011 0.057600000000000  0.097759764225011 
3.600000   1.450000   -0.041289279906164 0.059400000000000  0.100689279906164 
3.600000   1.500000   -0.041663967317415 0.060000000000000  0.101663967317415 
3.600000   1.550000   -0.041289279906164 0.059400000000000  0.100689279906164 
3.600000   1.600000   -0.040159764225011 0.057600000000000  0.097759764225011 
3.600000   1.650000   -0.038259174388582 0.054600000000000  0.092859174388582 
3.600000   1.700000   -0.035560813875016 0.050400000000000  0.085960813875016 
3.600000   1.750000   -0.032028111951613 0.045000000000000  0.077028111951613 
3.600000   1.800000   -0.027615435295220 0.038400000000000  0.066015435295220 
3.600000   1.850000   -0.022269136871947 0.030600000000000  0.052869136871947 
3.600000   1.900000   -0.015928830134934 0.021600000000000  0.037528830134934 
3.600000   1.950000   -0.008528869447004 0.011400000000000  0.019928869447004 
3.600000   2.000000   0.000000000000000  0.000000000000000  0.000000000000000 
3.650000   1.000000   0.000000000000000  0.000000000000000  0.000000000000000 
3.650000   1.050000   -0.008116111888422 0.010806250000000  0.018922361888422 
3.650000   1.100000   -0.015161333539284 0.020475000000000  0.035636333539284 
3.650000   1.150000   -0.021200553919977 0.029006250000000  0.050206803919977 
3.650000   1.200000   -0.026295280605861 0.036400000000000  0.062695280605861 
3.650000   1.250000   -0.030502093238313 0.042656250000000  0.073158343238313 
3.650000   1.300000   -0.033871257281333 0.047775000000000  0.081646257281333 
3.650000   1.350000   -0.036445529094465 0.051756250000000  0.088201779094465 
3.650000   1.400000   -0.038259174388582 0.054600000000000  0.092859174388582 
3.650000   1.450000   -0.039337206416559 0.056306250000000  0.095643456416559 
3.650000   1.500000   -0.039694847331620 0.056875000000000  0.096569847331620 
3.650000   1.550000   -0.039337206416559 0.056306250000000  0.095643456416559 
3.650000   1.600000   -0.038259174388582 0.054600000000000  0.092859174388582 
3.650000   1.650000   -0.036445529094465 0.051756250000000  0.088201779094465 
3.650000   1.700000   -0.033871257281333 0.047775000000000  0.081646257281333 
3.650000   1.750000   -0.030502093238313 0.042656250000000  0.073158343238313 
3.650000   1.800000   -0.026295280605861 0.036400000000000  0.062695280605861 
3.650000   1.850000   -0.021200553919977 0.029006250000000  0.050206803919977 
3.650000   1.900000   -0.015161333539284 0.020475000000000  0.035636333539284 
3.650000   1.950000   -0.008116111888422 0.010806250000000  0.018922361888422 
3.650000   2.000000   0.000000000000000  0.000000000000000  0.000000000000000 
3.700000   1.000000   0.000000000000000  0.000000000000000  0.000000000000000 
3.700000   1.050000   -0.007532072099484 0.009975000000000  0.017507072099484 
3.700000   1.100000   -0.014074632817259 0.018900000000000  0.032974632817259 
3.700000   1.150000   -0.019686608231749 0.026775000000000  0.046461608231749 
3.700000   1.200000   -0.024423853530802 0.033600000000000  0.058023853530802 
3.700000   1.250000   -0.028337749170409 0.039375000000000  0.067712749170409 
3.700000   1.300000   -0.031473941234868 0.044100000000000  0.075573941234868 
3.700000   1.350000   -0.033871257281333 0.047775000000000  0.081646257281333 
3.700000   1.400000   -0.035560813875016 0.050400000000000  0.085960813875016 
3.700000   1.450000   -0.036565326022605 0.051975000000000  0.088540326022605 
3.700000   1.500000   -0.036898616696763 0.052500000000000  0.089398616696763 
3.700000   1.550000   -0.036565326022605 0.051975000000000  0.088540326022605 
3.700000   1.600000   -0.035560813875016 0.050400000000000  0.085960813875016 
3.700000   1.650000   -0.033871257281333 0.047775000000000  0.081646257281333 
3.700000   1.700000   -0.031473941234868 0.044100000000000  0.075573941234868 
3.700000   1.750000   -0.028337749170409 0.039375000000000  0.067712749170409 
3.700000   1.800000   -0.024423853530802 0.033600000000000  0.058023853530802 
3.700000   1.850000   -0.019686608231749 0.026775000000000  0.046461608231749 
3.700000   1.900000   -0.014074632817259 0.018900000000000  0.032974632817259 
3.700000   1.950000   -0.007532072099484 0.009975000000000  0.017507072099484 
3.700000   2.000000   0.000000000000000  0.000000000000000  0.000000000000000 
3.750000   1.000000   0.000000000000000  0.000000000000000  0.000000000000000 
3.750000   1.050000   -0.006770729480244 0.008906250000000  0.015676979480244 
3.750000   1.100000   -0.012656835971465 0.016875000000000  0.029531835971465 
3.750000   1.150000   -0.017709830464169 0.023906250000000  0.041616080464169 
3.750000   1.200000   -0.021978539699143 0.030000000000000  0.051978539699143 
3.750000   1.250000   -0.025507878467022 0.035156250000000  0.060664128467022 
3.750000   1.300000   -0.028337749170409 0.039375000000000  0.067712749170409 
3.750000   1.350000   -0.030502093238313 0.042656250000000  0.073158343238313 
3.750000   1.400000   -0.032028111951613 0.045000000000000  0.077028111951613 
3.750000   1.450000   -0.032935661675345 0.046406250000000  0.079341911675345 
3.750000   1.500000   -0.033236826276866 0.046875000000000  0.080111826276866 
3.750000   1.550000   -0.032935661675345 0.046406250000000  0.079341911675345 
3.750000   1.600000   -0.032028111951613 0.045000000000000  0.077028111951613 
3.750000   1.650000   -0.030502093238313 0.042656250000000  0.073158343238313 
3.750000   1.700000   -0.028337749170409 0.039375000000000  0.067712749170409 
3.750000   1.750000   -0.025507878467022 0.035156250000000  0.060664128467022 
3.750000   1.800000   -0.021978539699143 0.030000000000000  0.051978539699143 
3.750000   1.850000   -0.017709830464169 0.023906250000000  0.041616080464169 
3.750000   1.900000   -0.012656835971465 0.016875000000000  0.029531835971465 
3.750000   1.950000   -0.006770729480244 0.008906250000000  0.015676979480244 
3.750000   2.000000   0.000000000000000  0.000000000000000  0.000000000000000 
3.800000   1.000000   0.000000000000000  0.000000000000000  0.000000000000000 
3.800000   1.050000   -0.005824571604739 0.007600000000000  0.013424571604739 
3.800000   1.100000   -0.010893104051632 0.014400000000000  0.025293104051632 
3.800000   1.150000   -0.015248422592737 0.020400000000000  0.035648422592737 
3.800000   1.200000   -0.018931120677216 0.025600000000000  0.044531120677216 
3.800000   1.250000   -0.021978539699143 0.030000000000000  0.051978539699143 
3.800000   1.300000   -0.024423853530802 0.033600000000000  0.058023853530802 
3.800000   1.350000   -0.026295280605861 0.036400000000000  0.062695280605861 
3.800000   1.400000   -0.027615435295220 0.038400000000000  0.066015435295220 
3.800000   1.450000   -0.028400826036389 0.039600000000000  0.068000826036389 
3.800000   1.500000   -0.028661498857733 0.040000000000000  0.068661498857733 
3.800000   1.550000   -0.028400826036389 0.039600000000000  0.068000826036389 
3.800000   1.600000   -0.027615435295220 0.038400000000000  0.066015435295220 
3.800000   1.650000   -0.026295280605861 0.036400000000000  0.062695280605861 
3.800000   1.700000   -0.024423853530802 0.033600000000000  0.058023853530802 
3.800000   1.750000   -0.021978539699143 0.030000000000000  0.051978539699143 
3.800000   1.800000   -0.018931120677216 0.025600000000000  0.044531120677216 
3.800000   1.850000   -0.015248422592737 0.020400000000000  0.035648422592737 
3.800000   1.900000   -0.010893104051632 0.014400000000000  0.025293104051632 
3.800000   1.950000   -0.005824571604739 0.007600000000000  0.013424571604739 
3.800000   2.000000   0.000000000000000  0.000000000000000  0.000000000000000 
3.850000   1.000000   0.000000000000000  0.000000000000000  0.000000000000000 
3.850000   1.050000   -0.004684766676674 0.006056250000000  0.010741016676674 
3.850000   1.100000   -0.008765992246061 0.011475000000000  0.020240992246061 
3.850000   1.150000   -0.012276758311484 0.016256250000000  0.028533008311484 
3.850000   1.200000   -0.015248422592737 0.020400000000000  0.035648422592737 
3.850000   1.250000   -0.017709830464169 0.023906250000000  0.041616080464169 
3.850000   1.300000   -0.019686608231749 0.026775000000000  0.046461608231749 
3.850000   1.350000   -0.021200553919977 0.029006250000000  0.050206803919977 
3.850000   1.400000   -0.022269136871947 0.030600000000000  0.052869136871947 
3.850000   1.450000   -0.022905109341037 0.031556250000000  0.054461359341037 
3.850000   1.500000   -0.023116231893665 0.031875000000000  0.054991231893665 
3.850000   1.550000   -0.022905109341037 0.031556250000000  0.054461359341037 
3.850000   1.600000   -0.022269136871947 0.030600000000000  0.052869136871947 
3.850000   1.650000   -0.021200553919977 0.029006250000000  0.050206803919977 
3.850000   1.700000   -0.019686608231749 0.026775000000000  0.046461608231749 
3.850000   1.750000   -0.017709830464169 0.023906250000000  0.041616080464169 
3.850000   1.800000   -0.015248422592737 0.020400000000000  0.035648422592737 
3.850000   1.850000   -0.012276758311484 0.016256250000000  0.028533008311484 
3.850000   1.900000   -0.008765992246061 0.011475000000000  0.020240992246061 
3.850000   1.950000   -0.004684766676674 0.006056250000000  0.010741016676674 
3.850000   2.000000   0.000000000000000  0.000000000000000  0.000000000000000 
3.900000   1.000000   0.000000000000000  0.000000000000000  0.000000000000000 
3.900000   1.050000   -0.003341373489063 0.004275000000000  0.007616373489063 
3.900000   1.100000   -0.006255864212592 0.008100000000000  0.014355864212592 
3.900000   1.150000   -0.008765992246061 0.011475000000000  0.020240992246061 
3.900000   1.200000   -0.010893104051632 0.014400000000000  0.025293104051632 
3.900000   1.250000   -0.012656835971465 0.016875000000000  0.029531835971465 
3.900000   1.300000   -0.014074632817259 0.018900000000000  0.032974632817259 
3.900000   1.350000   -0.015161333539284 0.020475000000000  0.035636333539284 
3.900000   1.400000   -0.015928830134934 0.021600000000000  0.037528830134934 
3.900000   1.450000   -0.016385803738220 0.022275000000000  0.038660803738220 
3.900000   1.500000   -0.016537537156437 0.022500000000000  0.039037537156437 
3.900000   1.550000   -0.016385803738220 0.022275000000000  0.038660803738220 
3.900000   1.600000   -0.015928830134934 0.021600000000000  0.037528830134934 
3.900000   1.650000   -0.015161333539284 0.020475000000000  0.035636333539284 
3.900000   1.700000   -0.014074632817259 0.018900000000000  0.032974632817259 
3.900000   1.750000   -0.012656835971465 0.016875000000000  0.029531835971465 
3.900000   1.800000   -0.010893104051632 0.014400000000000  0.025293104051632 
3.900000   1.850000   -0.008765992246061 0.011475000000000  0.020240992246061 
3.900000   1.900000   -0.006255864212592 0.008100000000000  0.014355864212592 
3.900000   1.950000   -0.003341373489063 0.004275000000000  0.007616373489063 
3.900000   2.000000   0.000000000000000  0.000000000000000  0.000000000000000 
3.950000   1.000000   0.000000000000000  0.000000000000000  0.000000000000000 
3.950000   1.050000   -0.001783584986591 0.002256250000000  0.004039834986591 
3.950000   1.100000   -0.003341373489063 0.004275000000000  0.007616373489063 
3.950000   1.150000   -0.004684766676674 0.006056250000000  0.010741016676674 
3.950000   1.200000   -0.005824571604739 0.007600000000000  0.013424571604739 
3.950000   1.250000   -0.006770729480244 0.008906250000000  0.015676979480244 
3.950000   1.300000   -0.007532072099484 0.009975000000000  0.017507072099484 
3.950000   1.350000   -0.008116111888422 0.010806250000000  0.018922361888422 
3.950000   1.400000   -0.008528869447004 0.011400000000000  0.019928869447004 
3.950000   1.450000   -0.008774739686466 0.011756250000000  0.020530989686466 
3.950000   1.500000   -0.008856397194064 0.011875000000000  0.020731397194064 
3.950000   1.550000   -0.008774739686466 0.011756250000000  0.020530989686466 
3.950000   1.600000   -0.008528869447004 0.011400000000000  0.019928869447004 
3.950000   1.650000   -0.008116111888422 0.010806250000000  0.018922361888422 
3.950000   1.700000   -0.007532072099484 0.009975000000000  0.017507072099484 
3.950000   1.750000   -0.006770729480244 0.008906250000000  0.015676979480244 
3.950000   1.800000   -0.005824571604739 0.007600000000000  0.013424571604739 
3.950000   1.850000   -0.004684766676674 0.006056250000000  0.010741016676674 
3.950000   1.900000   -0.003341373489063 0.004275000000000  0.007616373489063 
3.950000   1.950000   -0.001783584986591 0.002256250000000  0.004039834986591 
3.950000   2.000000   0.000000000000000  0.000000000000000  0.000000000000000 
4.000000   1.000000   0.000000000000000  0.000000000000000  0.000000000000000 
4.000000   1.050000   0.000000000000000  0.000000000000000  0.000000000000000 
4.000000   1.100000   0.000000000000000  0.000000000000000  0.000000000000000 
4.000000   1.150000   0.000000000000000  0.000000000000000  0.000000000000000 
4.000000   1.200000   0.000000000000000  0.000000000000000  0.000000000000000 
4.000000   1.250000   0.000000000000000  0.000000000000000  0.000000000000000 
4.000000   1.300000   0.000000000000000  0.000000000000000  0.000000000000000 
4.000000   1.350000   0.000000000000000  0.000000000000000  0.000000000000000 
4.000000   1.400000   0.000000000000000  0.000000000000000  0.000000000000000 
4.000000   1.450000   0.000000000000000  0.000000000000000  0.000000000000000 
4.000000   1.500000   0.000000000000000  0.000000000000000  0.000000000000000 
4.000000   1.550000   0.000000000000000  0.000000000000000  0.000000000000000 
4.000000   1.600000   0.000000000000000  0.000000000000000  0.000000000000000 
4.000000   1.650000   0.000000000000000  0.000000000000000  0.000000000000000 
4.000000   1.700000   0.000000000000000  0.000000000000000  0.000000000000000 
4.000000   1.750000   0.000000000000000  0.000000000000000  0.000000000000000 
4.000000   1.800000   0.000000000000000  0.000000000000000  0.000000000000000 
4.000000   1.850000   0.000000000000000  0.000000000000000  0.000000000000000 
4.000000   1.900000   0.000000000000000  0.000000000000000  0.000000000000000 
4.000000   1.950000   0.000000000000000  0.000000000000000  0.000000000000000 
4.000000   2.000000   0.000000000000000  0.000000000000000  0.000000000000000 
